{
 "chain_iptm": [
  0.93,
  0.93,
  0.93,
  0.93,
  0.8,
  0.8,
  0.8,
  0.8
 ],
 "chain_pair_iptm": [
  [
   0.92,
   0.92,
   0.9,
   0.93,
   0.97,
   0.93,
   0.91,
   0.94
  ],
  [
   0.92,
   0.92,
   0.93,
   0.9,
   0.93,
   0.97,
   0.94,
   0.91
  ],
  [
   0.9,
   0.93,
   0.92,
   0.92,
   0.91,
   0.94,
   0.97,
   0.93
  ],
  [
   0.93,
   0.9,
   0.92,
   0.92,
   0.94,
   0.91,
   0.93,
   0.97
  ],
  [
   0.97,
   0.93,
   0.91,
   0.94,
   0.79,
   0.6,
   0.59,
   0.65
  ],
  [
   0.93,
   0.97,
   0.94,
   0.91,
   0.6,
   0.79,
   0.66,
   0.59
  ],
  [
   0.91,
   0.94,
   0.97,
   0.93,
   0.59,
   0.66,
   0.78,
   0.6
  ],
  [
   0.94,
   0.91,
   0.93,
   0.97,
   0.65,
   0.59,
   0.6,
   0.78
  ]
 ],
 "chain_pair_pae_min": [
  [
   0.76,
   0.83,
   0.88,
   0.79,
   0.83,
   1.32,
   1.64,
   1.38
  ],
  [
   0.83,
   0.76,
   0.79,
   0.88,
   1.32,
   0.83,
   1.37,
   1.66
  ],
  [
   0.88,
   0.79,
   0.76,
   0.83,
   1.66,
   1.37,
   0.83,
   1.32
  ],
  [
   0.8,
   0.89,
   0.83,
   0.76,
   1.38,
   1.68,
   1.32,
   0.83
  ],
  [
   0.88,
   1.56,
   1.84,
   1.81,
   0.76,
   3.03,
   2.99,
   2.63
  ],
  [
   1.61,
   0.87,
   1.83,
   1.9,
   3.08,
   0.76,
   2.53,
   3.09
  ],
  [
   1.86,
   1.83,
   0.88,
   1.59,
   3.1,
   2.63,
   0.76,
   3.08
  ],
  [
   1.91,
   1.91,
   1.64,
   0.88,
   2.67,
   3.17,
   3.11,
   0.76
  ]
 ],
 "chain_ptm": [
  0.92,
  0.92,
  0.92,
  0.92,
  0.79,
  0.79,
  0.78,
  0.78
 ],
 "fraction_disordered": 0.0,
 "has_clash": 0.0,
 "iptm": 0.95,
 "num_recycles": 10.0,
 "ptm": 0.95,
 "ranking_score": 0.95
}