{
 "chain_iptm": [
  0.93,
  0.93,
  0.93,
  0.93,
  0.79,
  0.8,
  0.8,
  0.79
 ],
 "chain_pair_iptm": [
  [
   0.92,
   0.92,
   0.9,
   0.93,
   0.96,
   0.93,
   0.91,
   0.94
  ],
  [
   0.92,
   0.92,
   0.93,
   0.9,
   0.93,
   0.96,
   0.94,
   0.91
  ],
  [
   0.9,
   0.93,
   0.92,
   0.92,
   0.91,
   0.94,
   0.97,
   0.93
  ],
  [
   0.93,
   0.9,
   0.92,
   0.92,
   0.94,
   0.91,
   0.93,
   0.96
  ],
  [
   0.96,
   0.93,
   0.91,
   0.94,
   0.78,
   0.6,
   0.58,
   0.64
  ],
  [
   0.93,
   0.96,
   0.94,
   0.91,
   0.6,
   0.78,
   0.65,
   0.58
  ],
  [
   0.91,
   0.94,
   0.97,
   0.93,
   0.58,
   0.65,
   0.78,
   0.59
  ],
  [
   0.94,
   0.91,
   0.93,
   0.96,
   0.64,
   0.58,
   0.59,
   0.78
  ]
 ],
 "chain_pair_pae_min": [
  [
   0.76,
   0.83,
   0.89,
   0.8,
   0.84,
   1.31,
   1.66,
   1.36
  ],
  [
   0.83,
   0.76,
   0.79,
   0.9,
   1.31,
   0.83,
   1.36,
   1.66
  ],
  [
   0.9,
   0.79,
   0.76,
   0.83,
   1.67,
   1.35,
   0.83,
   1.31
  ],
  [
   0.8,
   0.9,
   0.83,
   0.76,
   1.37,
   1.68,
   1.31,
   0.84
  ],
  [
   0.89,
   1.57,
   1.84,
   1.82,
   0.76,
   3.06,
   3.04,
   2.71
  ],
  [
   1.61,
   0.87,
   1.85,
   1.89,
   3.13,
   0.76,
   2.59,
   3.14
  ],
  [
   1.86,
   1.84,
   0.89,
   1.59,
   3.14,
   2.7,
   0.76,
   3.14
  ],
  [
   1.91,
   1.91,
   1.64,
   0.88,
   2.71,
   3.22,
   3.17,
   0.76
  ]
 ],
 "chain_ptm": [
  0.92,
  0.92,
  0.92,
  0.92,
  0.78,
  0.78,
  0.78,
  0.78
 ],
 "fraction_disordered": 0.0,
 "has_clash": 0.0,
 "iptm": 0.95,
 "num_recycles": 10.0,
 "ptm": 0.95,
 "ranking_score": 0.95
}