{
 "chain_iptm": [
  0.92,
  0.92,
  0.92,
  0.92,
  0.79,
  0.79,
  0.8,
  0.79
 ],
 "chain_pair_iptm": [
  [
   0.91,
   0.92,
   0.89,
   0.93,
   0.97,
   0.93,
   0.91,
   0.94
  ],
  [
   0.92,
   0.91,
   0.93,
   0.89,
   0.93,
   0.97,
   0.94,
   0.91
  ],
  [
   0.89,
   0.93,
   0.91,
   0.92,
   0.91,
   0.94,
   0.97,
   0.93
  ],
  [
   0.93,
   0.89,
   0.92,
   0.91,
   0.94,
   0.9,
   0.93,
   0.97
  ],
  [
   0.97,
   0.93,
   0.91,
   0.94,
   0.78,
   0.59,
   0.58,
   0.64
  ],
  [
   0.93,
   0.97,
   0.94,
   0.9,
   0.59,
   0.78,
   0.65,
   0.58
  ],
  [
   0.91,
   0.94,
   0.97,
   0.93,
   0.58,
   0.65,
   0.78,
   0.59
  ],
  [
   0.94,
   0.91,
   0.93,
   0.97,
   0.64,
   0.58,
   0.59,
   0.78
  ]
 ],
 "chain_pair_pae_min": [
  [
   0.76,
   0.83,
   0.92,
   0.8,
   0.84,
   1.33,
   1.67,
   1.4
  ],
  [
   0.83,
   0.76,
   0.8,
   0.92,
   1.32,
   0.83,
   1.39,
   1.67
  ],
  [
   0.92,
   0.8,
   0.76,
   0.84,
   1.69,
   1.38,
   0.84,
   1.33
  ],
  [
   0.8,
   0.92,
   0.83,
   0.76,
   1.4,
   1.7,
   1.32,
   0.84
  ],
  [
   0.89,
   1.59,
   1.85,
   1.83,
   0.76,
   3.04,
   3.05,
   2.66
  ],
  [
   1.66,
   0.87,
   1.86,
   1.92,
   3.13,
   0.76,
   2.58,
   3.15
  ],
  [
   1.87,
   1.85,
   0.89,
   1.62,
   3.13,
   2.68,
   0.76,
   3.1
  ],
  [
   1.93,
   1.92,
   1.67,
   0.88,
   2.69,
   3.2,
   3.15,
   0.76
  ]
 ],
 "chain_ptm": [
  0.91,
  0.91,
  0.91,
  0.91,
  0.78,
  0.78,
  0.78,
  0.78
 ],
 "fraction_disordered": 0.03,
 "has_clash": 0.0,
 "iptm": 0.95,
 "num_recycles": 10.0,
 "ptm": 0.95,
 "ranking_score": 0.97
}