{
 "chain_iptm": [
  0.93,
  0.92,
  0.92,
  0.92,
  0.79,
  0.79,
  0.8,
  0.79
 ],
 "chain_pair_iptm": [
  [
   0.92,
   0.92,
   0.89,
   0.93,
   0.97,
   0.93,
   0.91,
   0.94
  ],
  [
   0.92,
   0.91,
   0.93,
   0.89,
   0.93,
   0.96,
   0.94,
   0.9
  ],
  [
   0.89,
   0.93,
   0.92,
   0.92,
   0.9,
   0.94,
   0.97,
   0.93
  ],
  [
   0.93,
   0.89,
   0.92,
   0.91,
   0.94,
   0.9,
   0.93,
   0.96
  ],
  [
   0.97,
   0.93,
   0.9,
   0.94,
   0.78,
   0.6,
   0.58,
   0.64
  ],
  [
   0.93,
   0.96,
   0.94,
   0.9,
   0.6,
   0.78,
   0.65,
   0.58
  ],
  [
   0.91,
   0.94,
   0.97,
   0.93,
   0.58,
   0.65,
   0.78,
   0.59
  ],
  [
   0.94,
   0.9,
   0.93,
   0.96,
   0.64,
   0.58,
   0.59,
   0.78
  ]
 ],
 "chain_pair_pae_min": [
  [
   0.76,
   0.83,
   0.91,
   0.8,
   0.84,
   1.32,
   1.67,
   1.39
  ],
  [
   0.83,
   0.76,
   0.8,
   0.9,
   1.32,
   0.83,
   1.38,
   1.69
  ],
  [
   0.9,
   0.8,
   0.76,
   0.84,
   1.69,
   1.37,
   0.84,
   1.33
  ],
  [
   0.8,
   0.91,
   0.83,
   0.76,
   1.39,
   1.7,
   1.32,
   0.84
  ],
  [
   0.89,
   1.58,
   1.85,
   1.83,
   0.76,
   3.04,
   3.05,
   2.64
  ],
  [
   1.62,
   0.87,
   1.85,
   1.91,
   3.11,
   0.76,
   2.57,
   3.15
  ],
  [
   1.86,
   1.86,
   0.88,
   1.6,
   3.14,
   2.65,
   0.76,
   3.09
  ],
  [
   1.93,
   1.93,
   1.65,
   0.88,
   2.69,
   3.22,
   3.13,
   0.76
  ]
 ],
 "chain_ptm": [
  0.92,
  0.91,
  0.92,
  0.91,
  0.78,
  0.78,
  0.78,
  0.78
 ],
 "fraction_disordered": 0.0,
 "has_clash": 0.0,
 "iptm": 0.95,
 "num_recycles": 10.0,
 "ptm": 0.95,
 "ranking_score": 0.95
}